0.000004 -0.023919
0.000422 -0.033413
0.001222 -0.043212
0.002417 -0.052975
0.003993 -0.062689
0.005943 -0.072340
0.008258 -0.081912
0.010937 -0.091390
0.013977 -0.100757
0.017377 -0.109998
0.021136 -0.119095
0.025251 -0.128034
0.029717 -0.136799
0.034530 -0.145375
0.039681 -0.153748
0.045163 -0.161905
0.050966 -0.169832
0.057080 -0.177518
0.063496 -0.184949
0.070202 -0.192113
0.077187 -0.198999
0.084439 -0.205595
0.091946 -0.211890
0.099696 -0.217872
0.107677 -0.223530
0.115873 -0.228856
0.124272 -0.233838
0.132858 -0.238467
0.141615 -0.242734
0.150551 -0.246618
0.159773 -0.250056
0.169125 -0.253134
0.178593 -0.255847
0.188163 -0.258188
0.197820 -0.260154
0.207549 -0.261743
0.217336 -0.262976
0.227165 -0.263849
0.237022 -0.264362
0.246890 -0.264513
0.256756 -0.264298
0.266603 -0.263694
0.276416 -0.262703
0.286180 -0.261324
0.295880 -0.259561
0.305500 -0.257419
0.315025 -0.254899
0.324441 -0.252003
0.333731 -0.248736
0.342881 -0.245104
0.351877 -0.241111
0.360705 -0.236765
0.369349 -0.232072
0.377797 -0.227040
0.386034 -0.221676
0.394047 -0.215988
0.401823 -0.209987
0.409349 -0.203682
0.416612 -0.197082
0.423601 -0.190199
0.430303 -0.183044
0.436708 -0.175629
0.442804 -0.167966
0.448580 -0.160067
0.454026 -0.151947
0.459132 -0.143620
0.463890 -0.135100
0.468288 -0.126402
0.472319 -0.117544
0.475891 -0.108374
0.479105 -0.099069
0.481955 -0.089643
0.484436 -0.080110
0.486542 -0.070484
0.488271 -0.060780
0.489637 -0.051013
0.490644 -0.041198
0.491291 -0.031350
0.491577 -0.021484
0.491502 -0.011616
0.491043 -0.001760
0.490196 0.008068
0.488962 0.017852
0.487342 0.027578
0.485341 0.037229
0.482961 0.046791
0.480205 0.056249
0.477076 0.065588
0.473580 0.074792
0.469721 0.083848
0.465506 0.092740
0.460942 0.101454
0.456035 0.109977
0.450794 0.118294
0.445227 0.126393
0.439341 0.134258
0.433149 0.141879
0.426658 0.149242
0.419879 0.156335
0.412824 0.163145
0.405505 0.169663
0.397933 0.175875
0.390120 0.181772
0.382081 0.187342
0.373830 0.192577
0.365380 0.197465
0.356747 0.201999
0.347947 0.206168
0.338906 0.209917
0.329649 0.213264
0.320266 0.216248
0.310770 0.218866
0.301177 0.221111
0.291500 0.222979
0.281755 0.224477
0.271955 0.225617
0.262118 0.226397
0.252257 0.226816
0.242387 0.226874
0.232525 0.226559
0.222685 0.225855
0.212883 0.224763
0.203134 0.223286
0.193453 0.221424
0.183856 0.219184
0.174358 0.216566
0.164974 0.213574
0.155718 0.210213
0.146606 0.206487
0.137652 0.202403
0.128870 0.197967
0.120275 0.193185
0.111881 0.188067
0.103700 0.182618
0.095747 0.176849
0.088035 0.170769
0.080575 0.164386
0.073382 0.157713
0.066466 0.150759
0.059839 0.143535
0.053513 0.136055
0.047499 0.128329
0.041807 0.120373
0.036447 0.112198
0.031430 0.103819
0.026764 0.095252
0.022460 0.086511
0.018525 0.077615
0.015051 0.068406
0.011937 0.059066
0.009188 0.049609
0.006809 0.040049
0.004806 0.030400
0.003181 0.020677
0.001912 0.010896
0.001003 0.001070
0.000628 -0.005255
0.000086 -0.011574
-0.000619 -0.017882
-0.001479 -0.024172
-0.002501 -0.030437
-0.003684 -0.036673
-0.005061 -0.042876
-0.006591 -0.049260
-0.008288 -0.055604
-0.010149 -0.061902
-0.012171 -0.068151
-0.014354 -0.074346
-0.016697 -0.080481
-0.019198 -0.086553
-0.021858 -0.092557
-0.024674 -0.098487
-0.027646 -0.104341
-0.030772 -0.110113
-0.034050 -0.115798
-0.037477 -0.121394
-0.041052 -0.126896
-0.044772 -0.132300
-0.048639 -0.137595
-0.052671 -0.142742
-0.056836 -0.147785
-0.061131 -0.152721
-0.065554 -0.157546
-0.070103 -0.162255
-0.074773 -0.166845
-0.079562 -0.171314
-0.084467 -0.175657
-0.089484 -0.179872
-0.094611 -0.183956
-0.099843 -0.187905
-0.105178 -0.191716
-0.110611 -0.195388
-0.116140 -0.198917
-0.121760 -0.202300
-0.127467 -0.205536
-0.133258 -0.208622
-0.139129 -0.211556
-0.145075 -0.214335
-0.151093 -0.216957
-0.157179 -0.219422
-0.163327 -0.221726
-0.169536 -0.223868
-0.175799 -0.225847
-0.182112 -0.227661
-0.188472 -0.229309
-0.194874 -0.230789
-0.201313 -0.232101
-0.207785 -0.233243
-0.214286 -0.234214
-0.220811 -0.235015
-0.227356 -0.235643
-0.233916 -0.236108
-0.240486 -0.236413
-0.247062 -0.236557
-0.253640 -0.236540
-0.260214 -0.236355
-0.266781 -0.235997
-0.273335 -0.235466
-0.279851 -0.234760
-0.286367 -0.233890
-0.292857 -0.232848
-0.299317 -0.231634
-0.305742 -0.230250
-0.312128 -0.228696
-0.318469 -0.226975
-0.324762 -0.225086
-0.331002 -0.223032
-0.337185 -0.220813
-0.343306 -0.218432
-0.349362 -0.215889
-0.355347 -0.213188
-0.361258 -0.210329
-0.367090 -0.207314
-0.372839 -0.204146
-0.382134 -0.198671
-0.391658 -0.193538
-0.401382 -0.188752
-0.411697 -0.184113
-0.422153 -0.179829
-0.432728 -0.175898
-0.443533 -0.172376
-0.454451 -0.169204
-0.465472 -0.166384
-0.476583 -0.163919
-0.487770 -0.161813
-0.499021 -0.160061
-0.510324 -0.158661
-0.521668 -0.157617
-0.533039 -0.156930
-0.544425 -0.156601
-0.555816 -0.156629
-0.567198 -0.157026
-0.578560 -0.157797
-0.589889 -0.158941
-0.601173 -0.160457
-0.612400 -0.162342
-0.623558 -0.164593
-0.634633 -0.167211
-0.645615 -0.170193
-0.656490 -0.173536
-0.667247 -0.177237
-0.677874 -0.181292
-0.688360 -0.185696
-0.698692 -0.190445
-0.708859 -0.195534
-0.718850 -0.200957
-0.728653 -0.206707
-0.738259 -0.212780
-0.747655 -0.219167
-0.756832 -0.225863
-0.765778 -0.232859
-0.774484 -0.240149
-0.782940 -0.247723
-0.791136 -0.255575
-0.799063 -0.263694
-0.806711 -0.272072
-0.814071 -0.280700
-0.821135 -0.289567
-0.827894 -0.298664
-0.834340 -0.307979
-0.840465 -0.317504
-0.846199 -0.327311
-0.851613 -0.337300
-0.856702 -0.347463
-0.861458 -0.357787
-0.865875 -0.368263
-0.869950 -0.378879
-0.873676 -0.389624
-0.877050 -0.400487
-0.880066 -0.411456
-0.882723 -0.422520
-0.885015 -0.433667
-0.886942 -0.444885
-0.888500 -0.456161
-0.889706 -0.467485
-0.890559 -0.478843
-0.891057 -0.490223
-0.891201 -0.501613
-0.890986 -0.513002
-0.890397 -0.524375
-0.889434 -0.535722
-0.888097 -0.547029
-0.886389 -0.558285
-0.884313 -0.569477
-0.881869 -0.580593
-0.879060 -0.591621
-0.875888 -0.602548
-0.872356 -0.613363
-0.868469 -0.624054
-0.864230 -0.634608
-0.859645 -0.645015
-0.854718 -0.655262
-0.849454 -0.665339
-0.843859 -0.675233
-0.837940 -0.684934
-0.831702 -0.694432
-0.825152 -0.703715
-0.818298 -0.712772
-0.811148 -0.721594
-0.803708 -0.730171
-0.795988 -0.738492
-0.787995 -0.746548
-0.779739 -0.754330
-0.771230 -0.761829
-0.762476 -0.769035
-0.753487 -0.775941
-0.744274 -0.782537
-0.734848 -0.788816
-0.725162 -0.794727
-0.715260 -0.800297
-0.705180 -0.805544
-0.694933 -0.810462
-0.684529 -0.815044
-0.673979 -0.819285
-0.663295 -0.823181
-0.652488 -0.826725
-0.641568 -0.829915
-0.630549 -0.832746
-0.619441 -0.835215
-0.608256 -0.837319
-0.597006 -0.839055
-0.585704 -0.840431
-0.574361 -0.841455
-0.562990 -0.842125
-0.551603 -0.842440
-0.540212 -0.842400
-0.528830 -0.841992
-0.517469 -0.841210
-0.506141 -0.840054
-0.494858 -0.838525
-0.483634 -0.836625
-0.472480 -0.834360
-0.461408 -0.831727
-0.450430 -0.828730
-0.439560 -0.825372
-0.428808 -0.821656
-0.418186 -0.817587
-0.407706 -0.813169
-0.397380 -0.808406
-0.387220 -0.803305
-0.377236 -0.797869
-0.367440 -0.792106
-0.357842 -0.786021
-0.348454 -0.779622
-0.339286 -0.772914
-0.330349 -0.765906
-0.321653 -0.758605
-0.313207 -0.751020
-0.305021 -0.743158
-0.297105 -0.735028
-0.289468 -0.726640
-0.282120 -0.718003
-0.275068 -0.709126
-0.268321 -0.700021
-0.261887 -0.690697
-0.255775 -0.681164
-0.250054 -0.671350
-0.244653 -0.661353
-0.239578 -0.651184
-0.234836 -0.640853
-0.230432 -0.630371
-0.226371 -0.619750
-0.222659 -0.609000
-0.219300 -0.598132
-0.216298 -0.587159
-0.213657 -0.576091
-0.211379 -0.564941
-0.209467 -0.553721
-0.207924 -0.542442
-0.206732 -0.531117
