0.001192 0.006058 1.531189
0.002682 -0.003498 1.495409
0.004660 -0.013410 1.455926
0.007029 -0.023332 1.416436
0.009774 -0.033251 1.376906
0.012884 -0.043154 1.337312
0.016351 -0.053024 1.297645
0.020171 -0.062846 1.257906
0.024339 -0.072604 1.218101
0.028853 -0.082280 1.178243
0.033709 -0.091857 1.138344
0.038901 -0.101320 1.098413
0.044424 -0.110651 1.058457
0.050270 -0.119835 1.018478
0.056430 -0.128858 0.978476
0.062894 -0.137706 0.938444
0.069652 -0.146363 0.898377
0.076693 -0.154816 0.858266
0.084004 -0.163053 0.818102
0.091574 -0.171060 0.777876
0.099389 -0.178824 0.737581
0.107438 -0.186333 0.697208
0.115706 -0.193573 0.656749
0.124179 -0.200534 0.616196
0.132844 -0.207202 0.575539
0.141685 -0.213567 0.534766
0.150687 -0.219617 0.493862
0.159834 -0.225342 0.452807
0.169109 -0.230733 0.411576
0.178516 -0.235755 0.370512
0.188141 -0.240294 0.331419
0.197853 -0.244490 0.292282
0.207638 -0.248334 0.253102
0.217479 -0.251820 0.213883
0.227364 -0.254941 0.174628
0.237275 -0.257696 0.135333
0.247198 -0.260100 0.096005
0.257117 -0.262151 0.056644
0.267017 -0.263844 0.017252
0.276883 -0.265178 -0.022174
0.286699 -0.266146 -0.061631
0.296450 -0.266723 -0.101122
0.306120 -0.266908 -0.140645
0.315695 -0.266701 -0.180203
0.325158 -0.266102 -0.219794
0.334496 -0.265115 -0.259427
0.343693 -0.263738 -0.299096
0.352735 -0.261973 -0.338801
0.361607 -0.259823 -0.378543
0.370294 -0.257291 -0.418324
0.378784 -0.254380 -0.458144
0.387061 -0.251096 -0.498005
0.395113 -0.247443 -0.537910
0.402926 -0.243427 -0.577859
0.410488 -0.239054 -0.617856
0.417785 -0.234332 -0.657903
0.424807 -0.229268 -0.698003
0.431540 -0.223870 -0.738160
0.437974 -0.218146 -0.778379
0.444097 -0.212106 -0.818664
0.449899 -0.205760 -0.859021
0.455369 -0.199119 -0.899456
0.460498 -0.192192 -0.939979
0.465275 -0.184992 -0.980600
0.469693 -0.177531 -1.021329
0.473742 -0.169822 -1.062182
0.477412 -0.161879 -1.103177
0.480698 -0.153715 -1.144339
0.483589 -0.145347 -1.185698
0.486066 -0.136596 -1.224774
0.488168 -0.127668 -1.263896
0.489891 -0.118574 -1.303062
0.491232 -0.109330 -1.342266
0.492187 -0.099948 -1.381508
0.492754 -0.090443 -1.420786
0.492951 -0.080830 -1.460102
0.492783 -0.071122 -1.499451
0.492250 -0.061335 -1.538832
0.491354 -0.051483 -1.578245
0.490096 -0.041583 -1.617690
0.488455 -0.031648 -1.657169
0.486430 -0.021695 -1.696681
0.484022 -0.011738 -1.736226
0.481235 -0.001794 -1.775804
0.478075 0.008122 -1.815420
0.474547 0.017996 -1.855076
0.470655 0.027810 -1.894768
0.466404 0.037550 -1.934497
0.461802 0.047201 -1.974263
0.456854 0.056747 -2.014068
0.451570 0.066174 -2.053914
0.445958 0.075465 -2.093802
0.440025 0.084606 -2.133734
0.433783 0.093584 -2.173713
0.427240 0.102383 -2.213740
0.420407 0.110988 -2.253820
0.413296 0.119388 -2.293956
0.405917 0.127566 -2.334151
0.398283 0.135511 -2.374411
0.390406 0.143210 -2.414740
0.382300 0.150649 -2.455146
0.373977 0.157816 -2.495635
0.365452 0.164699 -2.536218
0.356739 0.171288 -2.576905
0.347853 0.177569 -2.617710
0.338811 0.183534 -2.658649
0.329628 0.189170 -2.699746
0.320321 0.194470 -2.741027
0.310833 0.199337 -2.781159
0.301185 0.203789 -2.820264
0.291452 0.207895 -2.859413
0.281652 0.211648 -2.898603
0.271797 0.215040 -2.937831
0.261905 0.218067 -2.977096
0.251989 0.220731 -3.016399
0.242066 0.223044 -3.055735
0.232150 0.225003 -3.095104
0.222257 0.226604 -3.134505
0.212403 0.227845 3.109246
0.202602 0.228712 3.069780
0.192871 0.229188 3.030281
0.183224 0.229272 2.990748
0.173676 0.228963 2.951182
0.164243 0.228263 2.911582
0.154940 0.227176 2.871939
0.145782 0.225699 2.832261
0.136783 0.223834 2.792546
0.127957 0.221585 2.752794
0.119320 0.218955 2.713003
0.110884 0.215947 2.673173
0.102663 0.212567 2.633301
0.094672 0.208820 2.593385
0.086922 0.204712 2.553424
0.079427 0.200248 2.513414
0.072200 0.195437 2.473354
0.065252 0.190286 2.433239
0.058595 0.184803 2.393066
0.052240 0.178997 2.352831
0.046199 0.172878 2.312528
0.040481 0.166454 2.272152
0.035098 0.159738 2.231694
0.030059 0.152740 2.191147
0.025373 0.145471 2.150500
0.021050 0.137945 2.109741
0.017098 0.130175 2.068853
0.013526 0.122173 2.027817
0.010342 0.113955 1.986608
0.007553 0.105536 1.945193
0.005179 0.096735 1.906106
0.003181 0.087760 1.866974
0.001562 0.078624 1.827800
0.000327 0.069340 1.788585
-0.000522 0.059923 1.749334
-0.000983 0.050387 1.710044
-0.001080 0.040746 1.670719
-0.000813 0.031015 1.631362
-0.001905 0.024638 1.655326
-0.003164 0.018249 1.679371
-0.004587 0.011854 1.703450
-0.006161 0.005461 1.727524
-0.007894 -0.000925 1.751573
-0.009785 -0.007300 1.775583
-0.011863 -0.013658 1.799551
-0.014164 -0.020232 1.825993
-0.016627 -0.026786 1.852451
-0.019247 -0.033315 1.878925
-0.022023 -0.039815 1.905418
-0.024954 -0.046281 1.931928
-0.028037 -0.052707 1.958452
-0.031272 -0.059090 1.984989
-0.034656 -0.065424 2.011536
-0.038189 -0.071704 2.038092
-0.041867 -0.077925 2.064656
-0.045690 -0.084084 2.091226
-0.049654 -0.090176 2.117802
-0.053757 -0.096195 2.144384
-0.057996 -0.102139 2.170974
-0.062368 -0.108002 2.197571
-0.066873 -0.113772 2.224074
-0.071516 -0.119399 2.249983
-0.076280 -0.124940 2.275921
-0.081162 -0.130388 2.301886
-0.086158 -0.135740 2.327874
-0.091267 -0.140993 2.353884
-0.096483 -0.146141 2.379913
-0.101804 -0.151182 2.405961
-0.107226 -0.156112 2.432026
-0.112745 -0.160927 2.458106
-0.118358 -0.165624 2.484201
-0.124061 -0.170199 2.510311
-0.129850 -0.174649 2.536433
-0.135721 -0.178972 2.562569
-0.141671 -0.183163 2.588717
-0.147694 -0.187219 2.614876
-0.153787 -0.191139 2.641047
-0.159946 -0.194919 2.667229
-0.166166 -0.198556 2.693422
-0.172444 -0.202048 2.719625
-0.178774 -0.205392 2.745839
-0.185153 -0.208586 2.772062
-0.191577 -0.211628 2.798295
-0.198040 -0.214515 2.824538
-0.204539 -0.217246 2.850790
-0.211069 -0.219817 2.877052
-0.217624 -0.222228 2.903323
-0.224202 -0.224477 2.929602
-0.230797 -0.226562 2.955891
-0.237405 -0.228481 2.982189
-0.244021 -0.230233 3.008495
-0.250641 -0.231817 3.034811
-0.257259 -0.233232 3.061135
-0.263872 -0.234485 3.087471
-0.270475 -0.235579 3.113814
-0.277062 -0.236514 3.140164
-0.283631 -0.237288 -3.116663
-0.290175 -0.237893 -3.090297
-0.296691 -0.238325 -3.063924
-0.303173 -0.238582 -3.037543
-0.309597 -0.238655 -3.011406
-0.316000 -0.238568 -2.985003
-0.322356 -0.238307 -2.958592
-0.328662 -0.237871 -2.932172
-0.334912 -0.237260 -2.905743
-0.341101 -0.236475 -2.879305
-0.347227 -0.235517 -2.852858
-0.353284 -0.234386 -2.826402
-0.359268 -0.233083 -2.799935
-0.365175 -0.231609 -2.773460
-0.371000 -0.229965 -2.746974
-0.376741 -0.228153 -2.720478
-0.382391 -0.226172 -2.693971
-0.387948 -0.224026 -2.667454
-0.393408 -0.221714 -2.640925
-0.398766 -0.219240 -2.614386
-0.408540 -0.212907 -2.647135
-0.418519 -0.206898 -2.680042
-0.428669 -0.201219 -2.713032
-0.439387 -0.195657 -2.746586
-0.450217 -0.190431 -2.780388
-0.461139 -0.185534 -2.814577
-0.472243 -0.181076 -2.847356
-0.483432 -0.176958 -2.880152
-0.494692 -0.173183 -2.912960
-0.506009 -0.169756 -2.945780
-0.517372 -0.166681 -2.978608
-0.528767 -0.163955 -3.011445
-0.540183 -0.161576 -3.044287
-0.551605 -0.159549 -3.077136
-0.563024 -0.157878 -3.109994
-0.574425 -0.156563 3.140321
-0.585798 -0.155604 3.107434
-0.597130 -0.155016 3.074527
-0.608410 -0.154802 3.041597
-0.619624 -0.154965 3.008643
-0.630761 -0.155502 2.975665
-0.641808 -0.156414 2.942663
-0.652754 -0.157697 2.909632
-0.663586 -0.159353 2.876578
-0.674292 -0.161382 2.843503
-0.684860 -0.163781 2.810408
-0.695279 -0.166548 2.777292
-0.705536 -0.169680 2.744156
-0.715621 -0.173174 2.710997
-0.725523 -0.177025 2.677817
-0.735229 -0.181231 2.644612
-0.744731 -0.185785 2.611382
-0.754016 -0.190684 2.578127
-0.763074 -0.195921 2.544843
-0.771895 -0.201491 2.511531
-0.780469 -0.207389 2.478189
-0.788786 -0.213607 2.444814
-0.796836 -0.220139 2.411407
-0.804610 -0.226977 2.377964
-0.812100 -0.234115 2.344483
-0.819295 -0.241543 2.310962
-0.826188 -0.249255 2.277397
-0.832771 -0.257241 2.243786
-0.839034 -0.265492 2.210124
-0.844972 -0.273999 2.176407
-0.850575 -0.282752 2.142629
-0.855837 -0.291742 2.108784
-0.860725 -0.301062 2.076247
-0.865277 -0.310593 2.043679
-0.869487 -0.320324 2.011083
-0.873352 -0.330246 1.978461
-0.876864 -0.340348 1.945813
-0.880021 -0.350620 1.913142
-0.882818 -0.361051 1.880448
-0.885252 -0.371630 1.847732
-0.887320 -0.382346 1.814994
-0.889019 -0.393188 1.782236
-0.890347 -0.404144 1.749456
-0.891302 -0.415203 1.716656
-0.891884 -0.426353 1.683835
-0.892109 -0.437581 1.650992
-0.891978 -0.448876 1.618132
-0.891491 -0.460226 1.585252
-0.890648 -0.471619 1.552354
-0.889446 -0.483041 1.519438
-0.887871 -0.494482 1.486502
-0.885924 -0.505928 1.453548
-0.883608 -0.517367 1.420576
-0.880923 -0.528787 1.387584
-0.877877 -0.540176 1.354567
-0.874469 -0.551520 1.321530
-0.870702 -0.562809 1.288472
-0.866582 -0.574028 1.255393
-0.862111 -0.585166 1.222293
-0.857296 -0.596212 1.189170
-0.852141 -0.607152 1.156025
-0.846652 -0.617974 1.122857
-0.840834 -0.628668 1.089664
-0.834695 -0.639220 1.056446
-0.828240 -0.649620 1.023202
-0.821477 -0.659855 0.989932
-0.814414 -0.669914 0.956633
-0.807057 -0.679787 0.923305
-0.799415 -0.689461 0.889947
-0.791496 -0.698927 0.856555
-0.783310 -0.708173 0.823130
-0.774865 -0.717189 0.789667
-0.766171 -0.725964 0.756166
-0.757237 -0.734490 0.722622
-0.748074 -0.742755 0.689034
-0.738691 -0.750751 0.655397
-0.729101 -0.758468 0.621707
-0.719312 -0.765897 0.587958
-0.709338 -0.773030 0.554146
-0.699146 -0.779789 0.521196
-0.688771 -0.786214 0.488642
-0.678246 -0.792332 0.456058
-0.667582 -0.798135 0.423448
-0.656791 -0.803616 0.390812
-0.645883 -0.808769 0.358152
-0.634870 -0.813588 0.325469
-0.623764 -0.818067 0.292763
-0.612577 -0.822201 0.260036
-0.601320 -0.825986 0.227287
-0.590006 -0.829416 0.194517
-0.578647 -0.832488 0.161727
-0.567255 -0.835198 0.128917
-0.555842 -0.837553 0.096083
-0.544421 -0.839559 0.063231
-0.533004 -0.841214 0.030361
-0.521603 -0.842516 -0.002528
-0.510231 -0.843463 -0.035436
-0.498900 -0.844042 -0.068362
-0.487622 -0.844244 -0.101307
-0.476411 -0.844070 -0.134270
-0.465277 -0.843519 -0.167253
-0.454233 -0.842593 -0.200254
-0.443292 -0.841295 -0.233282
-0.432465 -0.839622 -0.266330
-0.421765 -0.837578 -0.299399
-0.411203 -0.835163 -0.332489
-0.400790 -0.832381 -0.365601
-0.390539 -0.829235 -0.398735
-0.380461 -0.825727 -0.431893
-0.370567 -0.821861 -0.465074
-0.360868 -0.817642 -0.498279
-0.351375 -0.813074 -0.531510
-0.342098 -0.808163 -0.564768
-0.333049 -0.802912 -0.598053
-0.324238 -0.797329 -0.631366
-0.315674 -0.791419 -0.664710
-0.307367 -0.785189 -0.698085
-0.299327 -0.778645 -0.731494
-0.291564 -0.771794 -0.764938
-0.284086 -0.764645 -0.798421
-0.276902 -0.757205 -0.831943
-0.270021 -0.749483 -0.865510
-0.263451 -0.741486 -0.899123
-0.257200 -0.733225 -0.932787
-0.251276 -0.724708 -0.966506
-0.245685 -0.715945 -1.000287
-0.240437 -0.706947 -1.034135
-0.235563 -0.697618 -1.066673
-0.231025 -0.688079 -1.099242
-0.226828 -0.678340 -1.131839
-0.222978 -0.668410 -1.164462
-0.219480 -0.658301 -1.197110
-0.216338 -0.648022 -1.229782
-0.213556 -0.637585 -1.262477
-0.211136 -0.627000 -1.295194
-0.209084 -0.616278 -1.327932
-0.207400 -0.605431 -1.360692
-0.206087 -0.594471 -1.393472
-0.205147 -0.583408 -1.426273
-0.204580 -0.572255 -1.459096
-0.204369 -0.561024 -1.491939
