0.000000 -0.020509 1.570776
0.000000 -0.026726 1.570776
0.000001 -0.033151 1.570776
0.000001 -0.039368 1.570776
0.000001 -0.045792 1.570776
0.000001 -0.052010 1.570776
0.000001 -0.058434 1.570776
0.000001 -0.064859 1.570776
0.000001 -0.071076 1.570776
0.000001 -0.077500 1.570776
0.000002 -0.083717 1.570776
0.000002 -0.090142 1.570776
0.000002 -0.096359 1.570776
0.000002 -0.102783 1.570776
0.000002 -0.109208 1.570776
0.000002 -0.115425 1.570776
0.000002 -0.121850 1.570776
0.000002 -0.128067 1.570776
0.000003 -0.134491 1.570776
0.000003 -0.140708 1.570776
0.000003 -0.147133 1.570776
0.000003 -0.153557 1.570776
0.000003 -0.159774 1.570776
0.000003 -0.166199 1.570776
0.000003 -0.172416 1.570776
0.000003 -0.178841 1.570776
0.000004 -0.185058 1.570776
0.000004 -0.191482 1.570776
0.000004 -0.197907 1.570776
0.000004 -0.204124 1.570776
0.000004 -0.210548 1.570776
0.000004 -0.216765 1.570776
0.000004 -0.223190 1.570776
0.000004 -0.229407 1.570776
0.000005 -0.235832 1.570776
0.000005 -0.242256 1.570776
0.000005 -0.248473 1.570776
0.000005 -0.254898 1.570776
0.000005 -0.261115 1.570776
0.000005 -0.267539 1.570776
0.000005 -0.273756 1.570776
0.000005 -0.280181 1.570776
0.000006 -0.286605 1.570776
0.000006 -0.292823 1.570776
0.000006 -0.299247 1.570776
0.000006 -0.305464 1.570776
0.000006 -0.311889 1.570776
0.000006 -0.318106 1.570776
0.000006 -0.324530 1.570776
0.000006 -0.330955 1.570776
0.000007 -0.337172 1.570776
0.000007 -0.343596 1.570776
0.000007 -0.349814 1.570776
0.000007 -0.356238 1.570776
0.000007 -0.362662 1.570776
0.000007 -0.368880 1.570776
0.000007 -0.375304 1.570776
0.000007 -0.381521 1.570776
0.000008 -0.387946 1.570776
0.000008 -0.394163 1.570776
0.000008 -0.400587 1.570776
0.000008 -0.407012 1.570776
0.000008 -0.413229 1.570776
0.000008 -0.419653 1.570776
0.000008 -0.425871 1.570776
0.000008 -0.432295 1.570776
0.000009 -0.438512 1.570776
0.000009 -0.444937 1.570776
0.000009 -0.451361 1.570776
0.000009 -0.457578 1.570776
0.000009 -0.464003 1.570776
0.000009 -0.470220 1.570776
0.000009 -0.476644 1.570776
0.000010 -0.482862 1.570776
0.000010 -0.489286 1.570776
0.000010 -0.495711 1.570776
0.000010 -0.501928 1.570776
0.000010 -0.508352 1.570776
0.000010 -0.514569 1.570776
0.000010 -0.520994 1.570776
0.000010 -0.527211 1.570776
0.000011 -0.533635 1.570776
0.000011 -0.540060 1.570776
0.000011 -0.546277 1.570776
0.000011 -0.552702 1.570776
0.000011 -0.558919 1.570776
0.000011 -0.565343 1.570776
0.000011 -0.571560 1.570776
0.000011 -0.577985 1.570776
0.000012 -0.584409 1.570776
0.000012 -0.590626 1.570776
0.000012 -0.597051 1.570776
0.000012 -0.603268 1.570776
0.000012 -0.609693 1.570776
0.000012 -0.615910 1.570776
0.000012 -0.622334 1.570776
0.000012 -0.628759 1.570776
0.000013 -0.634976 1.570776
0.000013 -0.641400 1.570776
0.000013 -0.647617 1.570776
0.000013 -0.654042 1.570776
0.000013 -0.660259 1.570776
0.000013 -0.666684 1.570776
0.000013 -0.673108 1.570776
0.000013 -0.679325 1.570776
0.000014 -0.685750 1.570776
0.000014 -0.691967 1.570776
0.000014 -0.698391 1.570776
0.000014 -0.704608 1.570776
0.000014 -0.711033 1.570776
0.000014 -0.717457 1.570776
0.000014 -0.723675 1.570776
0.000014 -0.730099 1.570776
0.000015 -0.736316 1.570776
0.000015 -0.742741 1.570776
0.000015 -0.748958 1.570776
0.000015 -0.755382 1.570776
0.000015 -0.761807 1.570776
0.000015 -0.768024 1.570776
0.000015 -0.774448 1.570776
0.000015 -0.780666 1.570776
0.000016 -0.787090 1.570776
0.000016 -0.793307 1.570776
0.000016 -0.799732 1.570776
0.000016 -0.806156 1.570776
0.000016 -0.812373 1.570776
0.000016 -0.818798 1.570776
0.000016 -0.825015 1.570776
0.000016 -0.831439 1.570776
0.000017 -0.837657 1.570776
0.000017 -0.844081 1.570776
0.000017 -0.850505 1.570776
0.000017 -0.856723 1.570776
0.000017 -0.863147 1.570776
0.000017 -0.869364 1.570776
0.000017 -0.875789 1.570776
0.000017 -0.882213 1.570776
0.000018 -0.888430 1.570776
0.000018 -0.894855 1.570776
0.000018 -0.901072 1.570776
0.000018 -0.907496 1.570776
0.000018 -0.913714 1.570776
0.000018 -0.920138 1.570776
0.000018 -0.926562 1.570776
0.000018 -0.932780 1.570776
0.000019 -0.939204 1.570776
0.000019 -0.945421 1.570776
0.000019 -0.951846 1.570776
0.000019 -0.958063 1.570776
0.000019 -0.964487 1.570776
0.000019 -0.970912 1.570776
0.000019 -0.977129 1.570776
0.000019 -0.983553 1.570776
0.000020 -0.989771 1.570776
0.000020 -0.996195 1.570776
0.000020 -1.002412 1.570776
