0.000023 -0.019887 1.563005
0.000083 -0.025690 1.557824
0.000181 -0.031492 1.550052
0.000316 -0.037293 1.544871
0.000489 -0.043093 1.537100
0.000700 -0.048892 1.531919
0.000948 -0.054689 1.524147
0.001242 -0.060588 1.517671
0.001563 -0.066278 1.511195
0.001934 -0.072173 1.504719
0.002329 -0.077858 1.498242
0.002776 -0.083748 1.491766
0.003245 -0.089428 1.485290
0.003768 -0.095311 1.478814
0.004324 -0.101087 1.471042
0.004916 -0.106859 1.465861
0.005547 -0.112627 1.458090
0.006214 -0.118392 1.452909
0.006919 -0.124151 1.445137
0.007661 -0.129906 1.439956
0.008441 -0.135657 1.432185
0.009265 -0.141400 1.424413
0.010126 -0.147139 1.419232
0.011024 -0.152872 1.411461
0.011960 -0.158598 1.406280
0.012932 -0.164319 1.398508
0.013942 -0.170033 1.393327
0.014989 -0.175741 1.385556
0.016095 -0.181542 1.379079
0.017199 -0.187134 1.372603
0.018381 -0.192921 1.366127
0.019557 -0.198497 1.359651
0.020814 -0.204268 1.353174
